i = 1, np.random.seed(1000),
In [2]: rand1[i]
Out[2]: 0.32093154708985722

In [3]: rand2[i]
Out[3]: 1.272092071455694

In [4]: rand3[i]
Out[4]: 0.99866379524843041

In [10]: S_plus_m[i]
Out[10]:
array([ 0.04540014,  0.044536  ,  0.042298  ,  0.04228277,  0.04299784,
        0.04360315,  0.04403907,  0.0443589 ,  0.04460504,  0.04480927,
        0.04498781,  0.04514744,  0.04528879,  0.04540931,  0.04550612,
        0.04557886,  0.04563176,  0.04566809,  0.04568952,  0.04569489,
        0.04567943,  0.04563837,  0.04556711,  0.04546072,  0.04531997,
        0.04514734,  0.04494556,  0.04471883,  0.0444718 ,  0.04420913,
        0.04393547,  0.04365547,  0.04337377,  0.04309503,  0.04282308,
        0.04255926,  0.04230432,  0.04205901,  0.04182409,  0.04160032,
        0.04138845,  0.04118922,  0.04100261,  0.04082741,  0.04066229,
        0.04050589,  0.04035688,  0.04021393,  0.04007571,  0.03994099,
        0.03980886])


i = 1, using excel rand's phi_1	phi_2	phi_3 -0.470968055	0.920714059	0.860930824
In [15]: S_plus_m[i]
Out[15]:
array([ 0.0450813 ,  0.04421452,  0.04197285,  0.04195297,  0.04266248,
        0.04326136,  0.04369008,  0.04400197,  0.04423951,  0.04443453,
        0.04460333,  0.04475274,  0.04488346,  0.04499298,  0.04507852,
        0.04513974,  0.04518098,  0.04520553,  0.04521513,  0.04520871,
        0.04518154,  0.04512892,  0.0450463 ,  0.04492881,  0.04477732,
        0.04459432,  0.04438264,  0.04414653,  0.04389071,  0.04361989,
        0.04333879,  0.04305211,  0.04276458,  0.04248089,  0.04220496,
        0.04193817,  0.04168134,  0.04143529,  0.04120084,  0.04097881,
        0.04077001,  0.04057524,  0.04039455,  0.04022679,  0.04007068,
        0.03992495,  0.03978832,  0.03965951,  0.03953725,  0.0394204 ,
        0.03930809])

Correctly matches excel numbers

i = 2, phi1, phi2, phi3 = -0.524134346	-2.001270195	0.355755596
S_plus_m[i] = S_plus_m[i - 1] + mu_m[i] * dt + (vol1_m[i] * -0.524134346 + vol2_m[i] * -2.001270195 + vol3_m[i] * 0.355755596) * math.sqrt(dt) + (d_S_plus_m[i] / d_tau_m[i]) * dt
In [40]: S_plus_m[i]
Out[40]:
array([ 0.04526972,  0.04445683,  0.04232723,  0.04237646,  0.04312577,
        0.0437514 ,  0.0441967 ,  0.0445154 ,  0.0447504 ,  0.04493383,
        0.04508243,  0.04520353,  0.04529837,  0.04536509,  0.04540155,
        0.04540816,  0.04538981,  0.04535043,  0.04529231,  0.04521493,
        0.04511417,  0.04498598,  0.04482642,  0.04463137,  0.04440233,
        0.04414246,  0.04385521,  0.04354549,  0.04321863,  0.04287997,
        0.04253486,  0.04218862,  0.0418466 ,  0.04151411,  0.04119563,
        0.04089316,  0.04060814,  0.040342  ,  0.0400962 ,  0.03987217,
        0.03967134,  0.03949511,  0.03934414,  0.03921788,  0.03911568,
        0.03903688,  0.03898083,  0.03894687,  0.03893436,  0.03894277,
        0.03897184])



########################

Excel rand's

phi_1	phi_2	phi_3
-0.470968055	0.920714059	0.860930824
-0.524134346	-2.001270195	0.355755596
-0.957734359	0.097506678	0.495586202
0.326689689	-0.148468109	0.491324263
0.561685341	0.313283077	-1.190595482
-0.803153679	1.230134681	0.478502998
0.315752337	-2.138919198	0.66757617
0.230936916	2.009025449	-2.422958133
0.172553191	-0.594245024	0.978665154
0.59893634	0.381875093	-0.450031618
-1.182259387	-1.068852741	-0.02145811
0.069602777	-0.171016361	-1.054054171
1.190405956	0.087611793	0.189362216
-0.117426514	-0.835799833	-0.182017966
-0.519003701	0.39234877	-0.655126053
-1.280607055	1.584497736	1.250406159
0.050488781	0.498589124	1.571855906
1.149105257	0.499920083	2.042614481
-0.248185191	-0.881977961	0.532833576
0.245666269	-0.404181997	-0.776930389
0.919222285	0.190488654	0.454358161
-0.165138098	-0.584957068	-0.866816357
-0.520340677	0.455792044	-1.003423007
-0.20083791	-1.747439052	0.769213209
-1.637975499	-0.79060613	-1.374304181
-0.297804109	0.797730559	0.071235486
1.061764177	-0.011139174	1.197459375
-0.412231298	-1.08512644	0.377942544
0.107350638	1.009632918	-1.040481183
0.607911603	1.550534726	0.365494661
0.623703609	0.638710646	0.560307865
-2.200094916	-0.748601757	-1.893647201
0.757799271	-0.025476219	-0.557396198
0.226965965	-0.553438776	1.45135192
0.51077472	1.477095731	-0.4780036
0.193563887	0.935433481	-1.906818266
0.788501785	-0.601213051	-0.841427503
-1.458785781	-0.668558957	0.045396361
0.818097796	-0.573882372	-0.692211504
0.539472682	-0.078482248	-0.924550393
0.206984369	-0.004585883	0.102471523
0.646475089	0.551648507	-0.783853441
0.853453722	0.622022007	-0.762137305
-0.236338106	1.376817821	1.965322673
-0.600027405	1.515893313	0.041538823
-0.168557388	-0.187269747	-2.028068405
-0.076066151	-0.349626365	1.789571409
-0.018106015	0.331394502	1.463319958
1.335197037	0.46022717	0.319251645
1.524898777	1.291273489	-0.955662939
-0.718287958	0.162846238	0.658254628
0.709087053	0.707362915	1.054354356
-0.736810873	-0.830709829	1.685646411
-1.178723556	-1.287877661	0.345724799
0.749730693	-0.702681411	1.625776887
1.085094505	0.511318111	-0.981354678
2.166666143	-0.740740559	-0.046367363
-0.185888932	-1.033509506	0.596725633
0.720282444	-1.071470246	1.677169526
1.209725696	-0.143345779	-0.344057917
2.398940819	-0.873345733	1.189992951
1.341602535	0.811905886	-0.448199046
-0.034496201	-2.368285971	-1.411927267
-0.32124229	-0.793312804	-0.364095069
-0.468657532	-0.217310302	-1.829164141
2.106854211	-0.122141751	0.201199977
1.767492962	-0.369792981	1.269012711
-0.478552533	-0.747348609	-0.771012236
1.096694311	-1.938874335	0.978883739
-0.5607802	-0.05520023	0.587672016
0.365135123	0.752639043	-0.963212898
1.38618051	0.504442563	-0.230859888
-0.463467666	0.631927308	2.129325785
-0.309736589	1.501290042	-1.387527468
-0.679479342	-0.145255661	0.773994658
0.390695021	0.890946122	-2.698876349
-0.439989685	0.791496741	-1.188482125
0.102372454	-1.087308075	-1.045345946
1.235393317	0.590117583	-0.164985594
-0.032290029	-1.128692754	-0.550169655
1.347542334	1.533405745	1.505116054
-1.200524736	0.920235782	0.622903831
1.880925053	-1.847252969	-0.563212398
0.036462128	-1.605392408	0.737636085
-0.521198253	0.013411043	-0.780646763
-0.122599008	-1.226324335	0.818874356
1.211423897	-0.405622856	0.192841703
1.360479654	-0.297363515	-1.200010491
-0.391643698	-0.933087185	0.198608583
0.0936164	1.084975094	-1.271203504
-0.320645727	-0.422284113	1.244752613
-0.361872577	-1.730286229	0.611013393
-0.04033036	1.763574871	-0.075815733
1.133209479	-0.252174564	-0.579918438
-1.379388352	0.305760407	0.047079878
-1.401371175	0.561247388	-2.25130341
-0.752987256	0.335798701	-1.455998017
-1.197736891	-0.330850446	-0.592185709
1.620469791	0.446395609	-0.968979995
-2.134086942	-1.723860595	-0.399979616


###########################

In [259]: S_plus_m[0]
Out[259]:
array([[ 0.04613836,  0.04525117,  0.04291581,  0.04283311,  0.04349772,
         0.04405379,  0.04443952,  0.0447085 ,  0.04490347,  0.04505662,
         0.04518447,  0.04529405,  0.04538615,  0.04545834,  0.0455078 ,
         0.04553419,  0.04554187,  0.04553424,  0.04551313,  0.04547758,
         0.04542292,  0.04534448,  0.04523777,  0.04509786,  0.04492559,
         0.04472353,  0.0444945 ,  0.0442428 ,  0.04397318,  0.0436904 ,
         0.04339922,  0.0431044 ,  0.04281069,  0.04252285,  0.04224491,
         0.04197829,  0.04172388,  0.04148252,  0.04125509,  0.04104246,
         0.04084549,  0.04066505,  0.04050125,  0.04035301,  0.04021908,
         0.04009825,  0.03998929,  0.03989096,  0.03980205,  0.03972144,
         0.03964844],
       [ 0.04613836,  0.04525117,  0.04291581,  0.04283311,  0.04349772,
         0.04405379,  0.04443952,  0.0447085 ,  0.04490347,  0.04505662,
         0.04518447,  0.04529405,  0.04538615,  0.04545834,  0.0455078 ,
         0.04553419,  0.04554187,  0.04553424,  0.04551313,  0.04547758,
         0.04542292,  0.04534448,  0.04523777,  0.04509786,  0.04492559,
         0.04472353,  0.0444945 ,  0.0442428 ,  0.04397318,  0.0436904 ,
         0.04339922,  0.0431044 ,  0.04281069,  0.04252285,  0.04224491,
         0.04197829,  0.04172388,  0.04148252,  0.04125509,  0.04104246,
         0.04084549,  0.04066505,  0.04050125,  0.04035301,  0.04021908,
         0.04009825,  0.03998929,  0.03989096,  0.03980205,  0.03972144,
         0.03964844]])

In [257]: S_plus_m[1]
Out[257]:
array([[ 0.04575526,  0.04481479,  0.04250204,  0.04241368,  0.04305727,
         0.04359281,  0.04396072,  0.04421432,  0.04439609,  0.04453783,
         0.04465581,  0.04475686,  0.04484165,  0.04490767,  0.0449521 ,
         0.04497461,  0.0449795 ,  0.04497005,  0.04494799,  0.04491222,
         0.04485799,  0.04478059,  0.04467546,  0.04453771,  0.04436817,
         0.04416934,  0.04394403,  0.04369646,  0.04343134,  0.04315336,
         0.04286721,  0.0425776 ,  0.04228922,  0.04200676,  0.04173411,
         0.04147263,  0.04122314,  0.04098642,  0.04076329,  0.04055454,
         0.04036097,  0.04018336,  0.04002175,  0.03987496,  0.03974171,
         0.03962069,  0.03951061,  0.03941018,  0.03931812,  0.03923325,
         0.03915469],
       [ 0.04591281,  0.04501339,  0.04274073,  0.0426915 ,  0.04337325,
         0.04394593,  0.04434997,  0.04463867,  0.04485447,  0.04502917,
         0.04517902,  0.04531082,  0.04542523,  0.04551973,  0.04559146,
         0.04564009,  0.04566988,  0.04568412,  0.0456845 ,  0.04566991,
         0.04563559,  0.04557679,  0.04548894,  0.04536714,  0.0452122 ,
         0.04502659,  0.0448131 ,  0.04457595,  0.04431982,  0.04404938,
         0.04376931,  0.04348429,  0.04319899,  0.04291808,  0.04264545,
         0.04238244,  0.04212983,  0.0418884 ,  0.04165893,  0.04144221,
         0.04123903,  0.04105013,  0.04087554,  0.04071407,  0.04056439,
         0.04042521,  0.0402952 ,  0.04017307,  0.04005749,  0.03994728,
         0.03984156]]


In [433]: A_c_plus_m[1, :, 0]
Out[433]:
array([ 0.04627216,  0.04717238,  0.04505318,  0.04624285,  0.04642984,
        0.04614062,  0.04553695,  0.04633506,  0.04569392,  0.04748104,
        0.04643364,  0.04574955,  0.04562068,  0.04509732,  0.04656289,
        0.04757826,  0.04697229,  0.04764662,  0.04779499,  0.04537854,
        0.04564966,  0.04672822,  0.04614669,  0.04656956,  0.04515988,
        0.0468858 ,  0.04563163,  0.04505239,  0.04595952,  0.04770168,
        0.04709725,  0.04593587,  0.04571028,  0.04669908,  0.04628676,
        0.04701904,  0.04593146,  0.0456102 ,  0.04489292,  0.0463874 ,
        0.04544676,  0.04698055,  0.04771193,  0.04799692,  0.0460812 ,
        0.04501926,  0.04693681,  0.04628949,  0.04527054,  0.04559336,
        0.04782216,  0.04687018,  0.04590216,  0.04578706,  0.04677753,
        0.04658298,  0.04490358,  0.04564375,  0.04648881,  0.04568674,
        0.04450391,  0.04536979,  0.04718614,  0.04761559,  0.04617141,
        0.04674553,  0.04634145,  0.04669603,  0.04720021,  0.04582046,
        0.04700386,  0.04614802,  0.04654536,  0.04496422,  0.04667612,
        0.04593999,  0.04629716,  0.04825323,  0.04557393,  0.04783879,
        0.0440417 ,  0.04697   ,  0.04592173,  0.04660096,  0.04642326,
        0.04679227,  0.0456843 ,  0.04597032,  0.0468923 ,  0.04698168,
        0.04466578,  0.04813689,  0.04492804,  0.04602469,  0.04654825,
        0.04668024,  0.04710039,  0.04547105,  0.04600278,  0.04746263])

